 C         1.9143250109   -0.0455728881    0.1059143589
 O         2.1999161556    1.1921835170   -0.2511782905
 O         2.6989114745   -0.8987659151    0.4209795033
 C         0.3990458602   -0.3105716894    0.0814455598
 O        -0.3754775208    0.6131005689   -0.2289047623
 O         0.0248927904   -1.4779704877    0.3854210048
 H         3.1627816917    1.3211295086   -0.2234604547
 H        -1.1648396957   -1.2929633555    0.2541182473
 O        -2.1479405098   -0.6092700208    0.0637109205
 H        -2.3063839569   -0.5941041378   -0.8958608871
