 C         1.4852578028   -0.3677826012   -0.4442991730
 O         1.9404829139   -1.2079510295   -1.4843795256
 C         0.0690938744    0.1342318223   -0.7265367971
 O        -0.8644696628   -0.9077304434   -0.8049627698
 O         0.0725886945    0.8382235305   -1.9197368852
 O         2.3705587272    0.7060376022   -0.3251156443
 H         1.4891703950   -0.8952625560    0.5105522959
 H         1.3285012100   -1.9504279673   -1.5658141422
 H        -0.2073743679    0.8276091866    0.1389543591
 H        -0.9427581896   -1.3259836206    0.0625288767
 H        -0.7655400419    1.3080800657   -2.0105723678
 H         2.2547608872    1.2786060596   -1.0958986803
 O        -0.0594380358    1.9239956717    1.2555433624
 H         0.9053177929    1.9879354794    1.1373053912
