 C         0.6351553061   -0.1742863456   -0.6538708025
 O         1.8434702397   -0.6432654805   -0.3232718598
 H        -1.4287005242    0.8027628025   -0.2509602899
 C        -0.5305056039   -0.7820560059   -0.1895568093
 O        -0.4830446816   -1.9058752682    0.5141032543
 O        -1.6935932363   -0.1513290127   -0.3047218387
 O         0.1768711803    1.6372030236    0.2406024021
 H         0.2119096883    1.3908441728    1.1727454430
 H        -1.3220375754   -2.0415584132    0.9806881790
 H         0.6163824566    0.4070289141   -1.5587796726
 H         1.7900570991   -1.2109540112    0.4591851067
