 C         2.1846776643    0.9027811254   -1.3249808651
 C        -0.1591031083   -0.3642855248   -2.5386951680
 O         0.2376495454   -1.6726041595   -2.7025110897
 O         0.0019772064    0.3772120449   -3.6728694308
 O         2.8724641065    0.5098423771   -2.3966387172
 H         0.0631989386   -2.1499356485   -1.8818740040
 H         0.8797612444    0.2060870449   -4.0417696932
 H         2.0838841904    0.0909999458   -0.6028209184
 H        -1.1113565856   -0.1912310650   -2.0477712794
 O         1.7655028094    2.0250667627   -1.1586362537
 H         2.9413160884    1.2522534969   -3.0195786805
