 C         1.5036105769   -0.3383289846   -0.4335286606
 O         2.2165813818   -1.0242922796   -1.4648281166
 C         0.0492082634   -0.2045719189   -0.7687419707
 O        -0.6126610145   -1.4037550404   -0.6931453361
 O        -0.1768043156    0.5690594324   -1.8791873923
 O         2.1093308600    0.9124581407   -0.2759887187
 H         1.6103507342   -0.8757690175    0.5076050421
 H         1.8786143165   -1.9266893009   -1.5183130331
 H        -1.5193823678   -1.3032321333   -1.0112661923
 H        -1.1133938933    0.7959407260   -1.9431540541
 H         1.8423708583    1.4737665757   -1.0155214674
