       8.94                  44.50                  68.72
      94.24                 117.52                 154.50
     248.26                 301.76                 402.95
     508.68                 562.71                 654.51
     667.68                 670.22                 807.53
     875.73                 939.94                1089.03
    1148.80                1202.07                1275.96
    1320.33                1354.05                1427.17
    1438.77                1519.89                1682.68
    1711.31                3053.81                3139.34
    3176.42                3718.91                3765.57
