 C         0.1742585914    1.3954083047    1.1886351760
 C         0.7206360242    2.5291255905    0.5591766375
 C         1.5864198653    5.7442372941   -1.3367427662
 O         2.0302521124    5.5864157980   -0.2167662240
 O        -0.0623116198    1.3534627909    2.4259257436
 O         1.0117088970    3.6076785673    1.2461463367
 H        -0.0364484562    0.5447220130    0.5324336746
 H         0.7923785186    5.1360282423   -1.7710196736
 O         2.0068310031    6.6737168533   -2.1735030976
 H         1.3861424185    4.3217739531    0.6630906601
 H         2.7112796652    7.1980453208   -1.7565021409
 O         0.9748001120    2.5932127536   -0.7456867755
 H         0.7276086684    1.7664169186   -1.1851984506
