     8.2957                 4.9101                 3.4479
     3.5925                 8.4205                 8.7724
     3.4012                 6.9561                 1.2126
     5.0110                 3.6709                 3.3070
     6.8892                 1.2940                 1.0620
     1.6759                 6.4894                 1.5412
     2.9705                 1.3775                 2.0798
     1.8964                 1.5147                 2.1178
     1.2130                 2.5102                 5.1331
     6.2961                 1.0859                 1.0894
     1.0807                 1.0645                 1.0660
