      94.69                 149.55                 236.39
     265.91                 289.31                 304.41
     381.56                 445.72                 526.75
     599.38                 763.09                 901.52
    1107.58                1141.67                1183.34
    1201.65                1222.01                1262.53
    1305.55                1358.66                1386.15
    1416.78                1449.69                1492.04
    3081.69                3091.36                3772.51
    3787.72                3826.74                3831.99
