 C         1.2586432774   -0.2081886214   -0.3219697218
 O         2.1314019660   -0.8536914097   -1.2300309302
 C        -0.1584464849   -0.1527564395   -0.8867854678
 O        -0.5784177572   -1.4548387329   -1.2495897420
 O        -0.1193646521    0.6398375941   -2.0413330625
 O         1.7542994185    1.0757314223   -0.0718764286
 H         1.2441616434   -0.7356607663    0.6329671260
 H         1.6923874475   -1.6597838994   -1.5324612381
 H        -0.8342978727    0.2686384109   -0.1416587864
 H        -0.9952153000   -1.8680994955   -0.4847333621
 H        -1.0078735372    0.9646823916   -2.2234345061
 H         1.5674784511    1.6169345455   -0.8512281803
