 C         1.8089773900    0.1597908005   -1.5221501325
 C         0.5792040988   -0.2991611523   -2.3054470286
 O         0.6197325970   -1.7125805858   -2.2890431111
 O         0.6655800822    0.2056558943   -3.6177985492
 O         2.9496862201    0.0916683647   -2.0773576167
 H        -0.2563330744   -2.0459168085   -2.5118039659
 H        -0.2076477017    0.1496441022   -4.0202819741
 H         1.7139920902   -0.1336964048   -0.4646467700
 H        -0.3383111293    0.0472027698   -1.8278475356
 O         1.3247484052    1.7812610481   -1.2728154322
 O         2.2184430219    2.6226479715   -1.6799752844
