   -1010.20                  71.08                 106.56
     211.19                 232.09                 275.58
     286.73                 304.67                 359.33
     444.20                 480.69                 534.79
     594.30                 659.91                 720.30
     843.79                 877.94                1019.32
    1152.69                1214.26                1219.08
    1262.58                1271.20                1323.11
    1352.75                1420.14                1478.69
    1577.02                1886.84                3117.21
    3765.56                3770.02                3818.45
