 C         1.1615807636   -0.4074924836   -0.5150054710
 O         1.8213677505   -1.2727594109   -1.4073207325
 C        -0.2462547288   -0.2583139380   -1.0850301505
 O        -1.0133241650   -1.3464294414   -1.1122229812
 O        -0.4690515222    0.6252861311   -1.9847555968
 O         1.7838563449    0.8381822799   -0.4082250798
 H         1.1195300393   -0.8326475168    0.4870387697
 H         2.6071645074   -1.6173517013   -0.9668740601
 H        -0.6944474561   -2.0145927183   -0.4878923877
 H        -1.0189267514    1.4576357197   -1.3587879502
 H         1.6613901978    1.3100819932   -1.2442186843
 O        -0.9871073900    0.7206179258    0.3594779241
 O        -1.4241427901    1.7735829607   -0.2276536999
