 O        -0.4628443119    1.4062765168   -0.3338263962
 C         0.0001780212    0.4576397441    0.5699888494
 O        -0.9991184032   -0.4100108625    0.9945623619
 C         1.1585387697   -0.3123762542   -0.0500006829
 O         2.0694287861    0.4823349227   -0.5845675524
 O         1.2217330546   -1.5180777080   -0.0011624366
 H        -1.0496509914    2.0161099922    0.1307241003
 H        -0.6649513630   -1.3165348992    0.9062656099
 H         2.7994759286   -0.0533732966   -0.9357000371
 H         0.4330768658    0.9910550084    1.4857371922
 O         1.2872704652    1.6529693057    2.5904387587
 H         2.0679795783    1.7852775305    2.0246481329
