      74.29                  94.03                 193.36
     212.21                 263.66                 279.86
     323.84                 374.96                 397.09
     573.62                 597.84                 742.75
     913.61                 933.14                1121.78
    1197.80                1223.19                1231.74
    1266.54                1291.15                1306.06
    1342.84                1421.01                1439.76
    1537.12                3096.64                3136.03
    3820.29                3826.28                3828.05
