 C         1.6339595570    0.6298880287   -1.7529351582
 C         0.5047290790   -0.1586103868   -2.3877816017
 O         0.9026161608   -1.5070129138   -2.3517700138
 O         0.3279893345    0.3108408184   -3.7013313808
 O         2.7586284754    0.6116984442   -2.5505421791
 H         0.1186379270   -2.0574258864   -2.4581526708
 H        -0.5554424583    0.0622694345   -3.9954950444
 H         1.8278345278    0.2961245147   -0.7361703587
 H        -0.4063339914   -0.0138652228   -1.8063718799
 O         1.1172893180    2.0014340463   -1.6403479560
 O         1.9600216742    2.7539882533   -0.9917959567
 H         3.5300641960    0.8108456698   -2.0072477000
