      95.61                 115.94                 182.02
     189.66                 236.96                 266.39
     322.42                 371.58                 379.97
     434.96                 489.79                 531.57
     589.66                 626.08                 731.89
     830.54                 902.26                1096.29
    1109.36                1186.60                1217.88
    1252.30                1275.16                1352.64
    1390.93                1414.43                1430.34
    1456.29                3091.95                3780.95
    3789.10                3795.49                3817.47
