 C         1.2493107492   -0.2580111835   -0.4827676067
 O         1.9927263652   -1.0207482297   -1.3997807103
 C        -0.2039918526   -0.1362529214   -0.9850292355
 O        -0.8203761918   -1.3466401861   -1.1420558953
 O        -0.3701545085    0.5308123875   -2.1673602266
 O         1.8554532490    0.9904942472   -0.3409456695
 H         1.2313554315   -0.7229438323    0.5045136637
 H         1.7537334588   -1.9508348883   -1.3055062591
 H        -0.6279629345   -1.9130827278   -0.3823516654
 H        -0.0435766098    1.4370472864   -2.0862653481
 H         2.0512743827    1.3479332522   -1.2177311999
 O        -0.8696052731    0.6266991803    0.1145034208
 O        -2.1349861661    0.8026474159   -0.1281945683
