 C         1.9835846518   -0.3719880506   -1.7822707147
 C         0.5400026133   -0.7497493586   -2.0868994968
 O        -0.2678763913    0.3907778362   -2.2312629277
 O         0.0615610668   -1.6510672894   -1.1214145366
 O         2.4997388883    0.6401062072   -2.1999639977
 H        -0.1035042979    0.9666015823   -1.4716512933
 H         0.3220976539   -1.2756203631   -0.2624921003
 H         2.5568833091   -1.1264341286   -1.2247969553
 H         0.5202242391   -1.2717165149   -3.0445694873
 O         1.0558444933    0.3530659949    0.4790501776
 O         2.2178970737    0.5505064844    1.0717588321
