    -343.30                  46.08                  64.88
     114.62                 182.42                 188.04
     249.03                 274.56                 279.65
     318.25                 359.46                 438.93
     528.75                 597.24                 666.67
     765.31                 896.88                1084.87
    1120.09                1159.55                1205.35
    1209.31                1251.65                1274.19
    1318.49                1369.89                1415.55
    1432.08                1446.09                1966.55
    3091.51                3711.10                3777.21
    3800.09                3804.40                3810.16
