 C         1.4155218182    1.2207064175   -0.8395260283
 C         0.4538738068    0.3638934363   -1.6653587071
 O         1.1730366860   -0.7473798209   -2.1338998113
 O        -0.0097419999    1.1759955838   -2.7271785857
 O         2.5869459834    1.4793773284   -1.4998920379
 H         0.5410689347   -1.4267734546   -2.3945171338
 H        -0.8275530933    0.8013212562   -3.0742687963
 H         1.7236183052    0.6119237354    0.0307964258
 H        -0.3868585346    0.0343213710   -1.0560372975
 C         1.7000788382    3.1481268939    0.7772168526
 O         1.2115961980    4.4166373460    1.1601160918
 C         0.7828935720    2.5212664617   -0.2837232505
 O         0.6389437156    3.4803080228   -1.2982494328
 O        -0.4391550478    2.2439511411    0.3575543109
 O         1.7767584015    2.3485140153    1.9194443724
 H         2.7096900751    3.2277790481    0.3756278141
 H         1.0429110183    4.9310480893    0.3603786010
 H         0.2528082254    3.0388861224   -2.0712515511
 H        -1.1207458859    2.0756229281   -0.3048612629
 H         0.8760090829    2.1550653783    2.2133688265
