 C         1.5662519825    0.8598143635   -1.6713106419
 C         0.5281843322   -0.0999606250   -2.4924856126
 O         1.1056629188   -1.3649253021   -2.5775764273
 O         0.4010118601    0.4041600638   -3.7757623497
 O         2.8203201158    0.8474601196   -2.3043672781
 H         1.0133814358   -1.8109574045   -1.7256154262
 H        -0.5341476189    0.4332163298   -4.0070180106
 H         1.6050243229    0.3461009284   -0.6907037390
 H        -0.4038028699   -0.0970359742   -1.9324526909
 O         1.0323367984    2.0390039492   -1.5911066181
 H         3.1273872223   -0.0675986486   -2.3488875057
