    -387.32                  44.34                  71.12
      78.99                 129.04                 201.89
     259.42                 265.08                 354.81
     461.34                 540.51                 578.25
     622.32                 697.64                 771.50
     893.74                1108.96                1150.69
    1173.33                1206.44                1275.64
    1316.87                1356.01                1470.39
    1763.24                1823.67                3718.05
    3733.62                3735.05                3806.59
